2.255859375
2.281640625
2.3074218749999997
2.358984375
2.384765625
2.410546875
2.4234375
2.44921875
2.462109375
2.513671875
2.5265625
2.5652343749999997
2.578125
2.591015625
2.616796875
2.6296874999999997
2.6296874999999997
2.642578125
2.6296874999999997
2.616796875
2.578125
2.55234375
2.5265625
2.513671875
2.5007812499999997
2.487890625
2.4749999999999996
2.4749999999999996
2.4749999999999996
2.44921875
2.4234375
2.39765625
2.384765625
2.3718749999999997
2.358984375
2.34609375
2.3203125
2.3203125
2.3074218749999997
2.3074218749999997
2.29453125
2.281640625
2.281640625
2.281640625
2.26875
2.26875
2.26875
2.26875
2.26875
2.26875
2.26875
2.26875
2.26875
2.26875
2.26875
2.26875
2.26875
2.26875
2.255859375
2.2429687499999997
2.2429687499999997
2.2171875
2.2171875
2.2171875
2.204296875
2.204296875
2.204296875
2.19140625
2.19140625
2.1785156249999997
2.1785156249999997
2.1785156249999997
2.1785156249999997
2.1785156249999997
2.1785156249999997
2.1785156249999997
2.1785156249999997
2.1785156249999997
2.1785156249999997
2.1785156249999997